77
14
123
14
216
88
52
139
36
206
135
168
67
97
11
170
85
169
139
213
119
71
16
190
47
63
114
208
121
230
82
189
46
165
52
161
133
37
181
218
145
102
22
70
206
211
245
82
175
66
61
73
73
234
172
251
77
84
215
54
110
189
248
238
133
180
118
155
156
84
161
116
66
168
230
71
108
165
178
97
130
123
154
92
178
206
99
78
105
194
223
120
91
156
1
236
235
175
143
174
194
215
143
30
92
230
141
254
73
46
20
187
83
213
17
220
16
209
158
27
151
14
163
19
241
197
74
199
89
140
60
190
201
151
104
212
245
216
248
180
220
22
92
52
118
8
134
234
219
182
224
84
175
85
2
122
223
210
135
84
59
171
208
132
9
116
131
21
18
177
0
112
160
49
3
172
219
78
56
54
89
220
100
79
158
63
65
130
28
21
219
32
101
181
37
43
51
118
66
47
221
68
44
209
247
155
241
239
89
85
24
119
48
65
134
181
122
86
110
137
88
14
50
233
53
244
212
180
218
130
216
34
143
201
18
135
21
114
252
187
160
208
149
177
178
92
20
172
211
197
72
34
185
193
238
180
197
154
238
104
242
53
37
187
122
95
45
210
182
82
178
249
66
204
74
145
55
111
126
101
34
252
200
68
165
213
2
33
240
187
241
197
154
197
131
183
34
217
209
70
175
58
224
254
60
157
106
208
232
81
17
238
83
148
64
127
116
230
42
173
204
13
147
125
134
201
87
58
187
109
233
8
83
189
248
143
140
45
213
81
91
234
96
34
182
14
191
59
117
8
208
26
100
209
176
124
113
235
8
238
112
29
36
247
110
68
100
125
138
49
71
28
245
33
141
154
30
179
132
71
254
226
188
255
208
59
235
131
83
240
115
37
244
243
206
144
219
241
6
87
202
40
95
116
11
0
95
85
7
159
155
145
226
35
141
36
55
123
66
206
197
71
167
10
205
175
45
218
163
41
113
150
156
235
25
143
185
177
240
78
167
33
238
103
162
251
235
191
213
216
149
230
82
208
243
77
213
46
68
77
138
255
121
1
84
115
220
126
210
218
151
196
221
218
182
210
37
197
44
252
243
216
165
10
219
84
211
252
225
233
94
40
238
131
174
4
75
35
19
219
126
220
214
57
191
103
248
165
93
58
41
131
107
35
255
27
211
165
13
242
182
38
42
223
146
11
45
243
5
77
240
24
234
58
135
143
12
167
77
176
3
39
252
51
18
112
138
105
118
154
142
17
39
218
44
67
166
116
112
22
145
117
151
71
235
141
221
86
208
115
95
65
66
78
2
81
179
183
154
77
222
230
217
160
139
49
42
215
183
233
35
89
172
153
93
152
64
149
118
111
85
19
69
219
105
132
55
33
46
145
235
158
157
219
158
129
31
154
94
81
38
195
221
90
240
115
232
185
67
230
214
28
70
184
130
24
66
11
235
252
183
249
113
76
147
11
60
253
214
156
196
238
225
243
151
42
17
213
96
223
70
116
25
164
78
180
219
25
190
69
25
44
234
46
87
124
83
48
127
207
187
152
104
159
66
122
136
229
210
201
110
241
40
118
95
208
18
13
216
221
167
205
161
112
253
195
222
66
52
117
33
12
103
12
216
161
116
225
118
192
76
93
223
140
5
162
97
184
184
153
232
252
224
212
19
14
23
29
47
52
38
232
80
254
214
54
113
0
220
67
211
11
66
64
132
28
159
99
183
147
169
140
12
6
102
253
20
199
195
198
174
25
83
217
74
63
145
116
177
161
18
200
252
119
130
27
187
104
97
152
79
70
222
30
127
113
166
217
61
15
4
173
185
77
54
249
56
181
206
120
61
149
86
180
71
187
227
179
61
93
106
76
65
162
186
59
60
144
37
228
186
246
130
231
114
78
86
114
88
132
182
93
221
153
242
133
71
55
212
101
228
216
152
163
201
190
98
233
89
248
49
169
236
245
232
215
146
116
10
188
164
232
48
151
216
71
33
158
118
106
29
199
237
159
131
90
205
38
3
41
70
15
237
21
140
88
189
192
102
27
65
78
239
41
82
69
221
73
65
144
129
25
240
47
204
86
62
153
140
2
130
34
197
12
175
195
82
62
183
228
102
193
46
153
182
155
87
216
216
189
102
73
242
61
94
199
172
18
242
221
255
101
75
21
82
207
221
73
70
164
211
45
199
96
183
145
252
208
100
215
241
15
18
146
225
140
218
201
203
72
93
219
48
58
38
210
191
242
120
129
60
8
115
22
174
131
92
156
58
96
3
123
196
95
113
158
44
186
244
1
196
191
167
153
222
64
96
229
243
244
22
93
34
150
24
164
132
136
116
38
150
116
10
232
96
151
43
134
250
102
142
111
92
130
90
252
208
201
243
16
61
197
13
59
162
253
90
119
166
56
207
213
58
84
204
182
136
201
58
241
255
128
158
209
15
226
87
201
114
130
65
56
75
83
21
135
85
228
171
71
11
52
162
114
137
12
245
213
26
241
191
16
158
69
90
160
148
74
243
146
199
114
236
55
41
120
60
76
16
32
158
151
255
37
193
127
236
91
174
93
226
159
171
58
189
237
126
16
109
0
55
192
110
164
3
106
199
233
188
103
240
141
201
55
148
31
235
159
69
25
233
49
240
162
133
9
130
223
171
63
241
253
191
96
175
151
224
65
1
242
211
210
236
59
78
217
40
61
246
207
169
215
172
137
149
123
236
14
30
113
249
91
11
19
171
249
153
228
183
120
62
167
101
244
207
30
220
39
241
14
149
198
3
55
203
117
82
31
54
189
181
61
110
141
107
45
50
39
32
30
86
69
183
237
144
90
160
9
125
98
42
72
69
210
51
249
119
158
164
119
76
76
64
123
191
255
3
25
252
193
188
134
67
191
19
142
95
225
151
22
157
123
130
214
238
166
101
182
63
229
44
45
211
212
232
139
147
173
232
183
245
165
224
216
88
136
139
71
25
125
86
254
98
223
89
58
5
198
232
187
31
127
138
233
108
207
151
209
163
199
216
132
120
247
37
141
152
141
160
90
215
8
208
85
108
133
49
148
247
100
141
29
1
5
167
38
218
253
234
160
40
210
109
19
34
125
168
154
67
183
168
110
253
23
93
57
232
12
42
41
190
7
227
9
4
214
161
205
223
62
75
207
116
45
178
21
41
32
79
54
68
85
140
241
227
151
75
249
139
186
44
62
185
28
235
100
187
104
122
37
130
147
214
174
3
203
117
163
218
153
6
100
27
13
146
98
136
141
138
91
251
94
123
57
179
81
146
125
75
155
3
227
220
78
211
33
78
176
66
118
203
64
92
115
119
4
215
173
232
118
149
37
125
203
229
59
41
95
174
89
110
24
17
103
48
1
14
64
125
102
231
14
176
6
129
31
183
149
215
227
160
95
162
41
65
4
152
180
65
123
114
136
58
25
70
13
254
186
123
105
239
160
73
22
218
153
123
202
23
162
21
205
76
249
30
170
63
26
133
225
94
103
243
205
206
37
77
43
116
49
44
233
15
26
117
5
167
13
207
200
234
93
166
8
172
40
184
67
45
5
37
207
59
48
239
37
9
165
26
169
166
165
246
144
251
217
173
191
250
84
242
152
91
195
229
31
237
156
15
13
255
84
245
29
182
168
138
133
236
255
130
175
175
180
209
155
46
120
93
221
166
176
99
183
112
235
145
74
31
221
35
241
195
168
33
56
17
246
203
34
126
132
225
134
78
231
48
147
65
39
118
159
178
32
114
35
165
203
33
166
252
223
198
220
170
14
58
159
107
104
23
29
76
239
223
20
5
115
169
243
96
0
137
244
45
206
26
8
231
219
16
55
78
12
163
56
17
214
67
229
118
60
214
41
108
113
141
5
188
88
166
181
76
220
119
174
30
74
252
202
62
24
13
2
156
88
165
120
228
69
247
189
117
189
128
14
213
195
7
27
160
16
228
7
187
166
186
162
137
117
148
172
241
46
197
228
221
133
101
205
97
0
118
51
107
66
188
44
27
207
211
134
202
163
171
23
76
232
191
121
28
155
130
78
75
0
81
168
137
188
173
234
138
39
33
76
122
192
205
67
103
197
49
170
184
157
76
29
255
135
117
55
224
167
63
174
86
68
188
185
145
92
12
128
252
84
105
235
66
119
13
138
136
2
137
79
8
185
215
2
126
9
22
204
61
110
156
174
189
164
241
226
111
12
123
99
117
188
167
21
117
76
110
211
60
31
50
113
55
42
146
121
243
158
100
16
195
78
123
55
170
121
152
79
117
206
12
185
93
107
17
242
153
61
144
248
160
25
29
24
83
59
104
101
108
68
237
8
218
236
167
5
193
130
230
161
90
235
75
220
44
119
39
252
84
226
126
6
37
244
122
213
168
150
183
53
6
34
94
162
231
195
8
129
102
89
187
82
97
180
174
169
195
108
131
193
200
99
213
253
50
71
29
3
41
200
199
237
44
171
172
25
179
119
137
113
63
163
32
164
43
43
207
168
100
141
38
106
209
252
73
232
203
21
188
16
88
80
218
139
21
15
101
105
143
62
102
43
233
37
120
220
69
58
179
207
153
193
214
163
92
84
31
201
172
60
37
164
107
228
83
242
95
209
140
130
225
95
180
180
236
0
127
221
70
183
10
153
98
230
225
40
215
163
133
172
148
37
183
4
201
169
40
194
95
60
210
191
106
149
39
155
49
139
107
39
34
117
65
123
252
6
127
10
134
168
36
153
215
109
182
217
72
83
209
103
95
76
3
114
138
69
254
198
183
163
79
220
131
7
36
15
45
134
54
106
178
39
43
246
189
46
201
114
172
1
196
226
12
222
148
8
133
133
95
7
132
84
232
157
131
136
253
55
19
134
120
67
27
41
215
254
99
184
129
205
238
167
154
106
44
168
129
112
13
238
110
134
123
109
124
63
213
14
226
36
77
141
150
73
201
160
24
108
241
186
77
14
198
253
163
211
127
113
214
165
255
8
119
164
209
162
17
32
0
231
237
144
25
156
102
156
195
33
55
168
231
43
31
124
18
144
19
63
135
129
95
89
109
160
59
74
91
173
255
29
242
116
20
73
82
69
46
236
188
191
50
205
116
247
230
74
47
87
48
222
241
212
51
243
11
75
18
243
77
172
43
94
5
35
151
138
143
114
142
199
178
91
208
167
9
165
121
255
169
247
248
233
232
48
150
106
92
195
6
230
21
148
200
223
124
36
29
121
207
232
230
165
28
106
75
95
53
64
172
207
134
42
44
26
123
179
171
44
223
50
51
59
246
118
55
69
96
196
79
114
246
87
229
251
146
47
227
238
68
131
172
3
140
39
185
219
7
138
23
144
237
141
142
144
92
219
118
14
221
222
209
162
202
231
59
52
225
148
204
186
208
215
198
172
93
58
51
0
222
95
251
218
102
101
86
144
49
66
56
36
70
123
112
254
220
15
95
37
240
36
255
34
63
103
32
196
201
141
95
200
96
79
224
63
160
128
5
177
24
114
153
216
105
204
244
7
11
32
137
112
234
191
202
4
103
149
71
206
91
170
215
183
65
47
209
48
215
191
237
128
25
237
24
22
177
40
170
73
171
235
71
67
73
210
63
236
21
59
173
158
122
11
16
156
238
65
224
196
153
141
210
153
229
245
253
83
169
57
51
87
99
232
157
143
57
218
233
3
150
197
150
89
116
244
42
137
246
45
200
141
135
142
60
58
139
149
183
71
143
50
221
207
3
119
81
4
8
86
16
27
208
102
71
139
63
6
26
20
104
79
217
152
39
203
231
106
24
109
191
36
236
236
162
99
235
46
68
245
98
185
170
89
154
210
68
136
140
3
211
136
233
112
115
188
84
122
84
223
47
148
194
67
18
221
74
97
234
162
232
162
136
54
9
68
17
104
152
163
223
40
223
235
213
95
4
3
138
220
81
148
156
147
106
127
141
211
90
172
167
32
195
222
114
2
210
109
204
122
198
114
201
197
248
247
20
137
140
153
176
28
102
164
15
141
74
52
78
67
9
28
178
8
163
172
209
71
146
125
133
37
202
196
216
92
244
74
49
68
184
107
69
212
202
163
210
33
160
73
191
149
183
37
38
254
8
233
149
36
156
41
68
28
135
118
122
113
221
247
155
84
140
163
79
72
5
232
212
212
234
47
217
50
112
243
254
88
102
195
138
240
1
195
98
174
120
59
217
84
145
183
150
105
58
34
94
111
69
190
152
110
96
82
11
130
44
222
106
235
81
151
194
74
150
80
174
150
74
148
156
142
254
135
190
122
135
231
158
146
174
201
56
28
205
22
227
16
136
1
54
30
80
242
31
4
100
25
78
18
79
178
239
242
204
221
55
176
103
163
48
239
27
162
174
177
233
89
145
97
66
246
107
168
253
164
124
81
144
106
83
33
109
108
183
108
43
78
193
172
53
48
30
25
8
162
202
62
107
77
254
242
41
221
70
99
55
167
141
112
83
98
51
51
120
129
63
5
161
215
231
91
25
65
228
78
53
26
1
131
97
15
77
129
154
185
209
144
85
70
48
151
244
14
56
94
212
145
105
78
201
73
222
195
181
247
253
229
183
161
143
34
59
81
171
164
107
250
125
58
213
161
84
44
220
180
188
18
59
208
220
94
188
8
162
171
121
110
86
219
114
186
38
253
88
115
171
151
100
57
13
75
131
33
53
73
153
115
238
120
12
39
245
194
48
97
180
1
146
181
206
239
222
207
45
216
9
91
18
51
111
77
223
20
138
140
125
248
82
94
122
103
96
118
182
146
230
181
54
166
147
156
182
12
135
192
47
235
59
244
216
24
67
148
185
198
249
54
128
93
195
71
185
195
133
93
225
79
99
132
234
163
253
181
30
147
196
18
74
196
18
204
228
15
229
126
65
14
191
1
200
201
123
155
78
104
139
219
143
100
202
248
33
30
149
227
175
111
57
198
223
103
206
20
7
214
44
17
195
218
58
80
38
185
9
174
80
170
18
104
38
245
198
153
19
37
76
253
28
224
28
32
233
207
210
166
126
203
209
103
3
121
11
164
27
6
150
4
52
19
42
14
196
49
69
237
192
29
157
103
75
243
43
104
184
111
194
129
107
153
15
176
19
164
165
26
169
207
118
115
232
95
201
206
211
201
191
97
60
94
226
227
23
255
41
196
206
93
201
47
77
228
62
89
112
36
25
216
199
106
68
98
48
169
246
58
117
23
94
38
173
166
218
243
134
98
122
220
27
194
36
55
54
53
9
158
177
160
205
97
241
39
178
137
194
101
167
153
58
131
102
178
213
143
159
60
192
252
56
232
54
194
7
252
196
40
185
5
89
141
19
155
178
126
89
253
179
115
29
220
137
109
111
180
204
1
77
210
42
176
234
89
127
219
142
77
202
217
162
137
109
156
127
241
63
48
11
86
100
78
209
103
180
39
39
99
196
151
193
12
114
91
89
227
11
212
19
179
98
90
48
206
42
14
59
100
2
107
126
59
108
24
143
69
233
22
95
57
253
228
201
182
145
120
191
108
211
197
204
157
22
15
38
61
186
96
46
238
104
37
187
161
20
128
5
174
253
251
12
56
7
58
77
225
128
105
43
67
116
170
109
111
65
167
52
118
133
57
92
28
88
198
102
18
200
42
163
217
245
98
49
97
15
27
168
223
47
0
111
152
44
190
44
248
83
45
52
74
176
33
217
3
119
68
26
209
151
182
131
229
172
84
205
52
88
202
129
214
172
110
63
201
93
34
207
82
67
9
243
180
42
205
64
233
14
136
241
249
31
104
192
210
133
67
204
218
48
68
206
210
67
12
232
56
156
169
160
59
241
82
84
177
251
10
137
172
159
136
48
196
121
116
109
171
213
207
94
15
110
145
44
54
151
43
170
33
250
23
61
219
161
235
227
65
13
205
55
137
254
78
37
58
208
233
150
29
194
12
29
240
203
99
65
241
198
127
85
7
107
7
36
62
218
137
203
83
215
212
7
179
34
17
118
200
160
99
50
71
109
87
247
209
201
59
38
203
146
134
1
173
34
214
31
74
36
65
161
193
150
118
240
251
158
32
71
239
146
250
104
175
140
163
44
77
254
139
32
81
254
162
180
35
27
128
207
53
48
34
211
23
148
167
202
205
168
155
90
131
62
226
32
142
40
0
86
8
154
165
56
224
54
97
99
128
47
26
51
32
1
79
206
167
16
134
29
52
208
108
116
119
8
185
116
24
228
231
254
250
50
75
60
21
204
190
247
216
245
110
201
125
171
60
85
13
222
246
118
163
172
13
236
48
194
44
141
109
55
54
25
89
21
46
220
110
39
245
116
3
114
25
11
129
23
146
130
108
112
254
112
53
95
94
124
41
201
114
69
167
138
161
218
238
96
161
214
88
134
16
99
160
89
180
93
83
12
247
103
9
200
120
73
123
74
235
155
189
31
227
8
195
119
101
141
185
204
184
237
144
232
18
142
179
68
182
2
29
105
68
183
245
46
6
196
35
218
140
55
77
6
54
92
200
79
208
100
202
210
106
235
21
246
224
70
41
14
228
54
131
67
159
188
151
121
163
254
37
38
44
15
201
20
91
60
31
56
94
199
22
200
192
76
62
39
42
251
24
107
241
168
25
138
141
183
249
169
117
213
27
171
129
157
68
42
29
103
246
129
204
173
127
76
123
118
226
121
215
21
235
23
35
158
90
237
110
80
76
120
55
185
129
35
197
108
241
101
197
242
166
144
106
122
81
50
55
245
233
41
85
42
189
203
219
37
225
230
154
4
196
214
195
105
134
37
92
36
38
96
109
117
190
150
202
90
235
82
196
46
12
252
9
9
18
72
14
81
206
118
160
226
115
53
218
143
57
180
27
237
109
106
253
201
79
9
21
225
16
107
7
15
130
231
253
104
242
190
144
181
246
121
158
137
97
154
116
7
174
83
34
26
128
29
224
94
76
24
135
72
169
229
37
127
235
137
129
191
107
33
214
53
81
102
3
102
87
71
42
197
243
227
40
227
132
247
187
124
143
10
82
182
161
14
52
209
78
87
15
80
81
18
126
38
208
218
0
142
31
113
157
240
87
247
210
191
73
48
111
4
173
185
10
9
236
151
253
213
31
145
84
37
59
110
31
106
143
168
90
48
186
107
226
175
66
133
162
3
191
19
26
240
49
79
201
94
219
156
39
137
224
131
34
124
248
123
51
40
221
245
207
136
55
215
255
228
21
221
68
29
229
44
148
134
224
87
109
150
138
241
217
8
9
191
51
232
160
210
127
69
48
84
232
192
33
